3,2
3,1
3,3
10,120
10,178
10,268
10,14
10,28
10,182
10,156
10,184
11,16
11,22
11,4
11,26
11,10
11,18
9,6
9,4
8,18
8,10
79,3
79,1
77,3
77,1
76,3
76,1
73,5
73,4
73,3
73,2
73,1
73,0
69,3
69,2
69,1
69,0
68,5
68,4
68,3
68,2
68,1
68,0
65,3
65,2
65,1
65,0
20,3
20,2
20,1
19,3
19,2
19,1
18,3
18,1
14,3
14,1
13,1
12,3
13,3
12,2
12,1
11,29
11,25
11,21
11,19
11,17
11,15
11,13
11,9
11,7
11,3
11,2
11,1
10,313
10,311
10,299
10,279
10,275
10,201
10,181
10,179
10,157
10,133
10,123
10,109
10,23
10,13
10,9
10,3
10,2
10,1
9,7
2,2
2,1
9,5
2,3
9,3
